5064.3941979435795
5064.3941979435795
4999.238336679232
4992.949616276844
4992.949616276844
4992.949616276844
4982.480815759246
4923.429781460707
4913.745626826069
4913.745626826069
4913.745626826069
4886.785672771796
4886.785672771796
4886.785672771796
4876.931326991618
4815.2643884099025
4815.2643884099025
4815.2643884099025
4815.2643884099025
4800.254499747065
4800.254499747065
4800.254499747065
4780.428729083274
4772.574681897178
4687.2606164883655
4654.289581434842
4654.289581434842
4654.289581434842
4654.289581434842
4654.289581434842
4654.289581434842
4654.289581434842
4640.998551627532
4640.998551627532
4640.998551627532
4640.998551627532
4622.7259753316575
4622.7259753316575
4595.902914941481
4595.902914941481
4595.902914941481
4582.765382647674
4577.869389509744
4569.43484868607
4569.43484868607
4569.43484868607
4569.43484868607
4485.431171202221
4485.431171202221
4485.431171202221
4457.663056802458
4409.446145642587
4409.446145642587
4405.215976959331
4405.215976959331
4405.215976959331
4331.830284282226
4331.200286785052
4331.200286785052
4331.200286785052
4331.200286785052
4331.200286785052
4331.200286785052
4331.200286785052
4331.200286785052
4331.200286785052
4331.200286785052
4298.901846373179
4298.901846373179
4298.901846373179
4298.901846373179
4251.801276981419
4251.375747188292
4238.33016991473
4238.33016991473
4238.33016991473
4238.33016991473
4238.33016991473
4238.33016991473
4225.554892008233
4225.554892008233
4225.554892008233
4225.554892008233
4225.554892008233
4212.273990993798
4212.273990993798
4210.140172637034
4209.260055053949
4163.350726093445
4163.350726093445
4155.51079003385
4155.51079003385
4155.51079003385
4155.51079003385
4155.51079003385
4155.51079003385
4155.51079003385
4149.915053373214
4149.915053373214
4149.915053373214
4149.915053373214
4149.915053373214
4100.275018342153
4100.275018342153
4100.275018342153
4098.72913741692
4098.72913741692
4098.72913741692
4098.72913741692
4098.72913741692
4098.72913741692
4063.682283556652
4039.6329945124767
4039.6329945124767
4026.2207347572476
4026.2207347572476
4026.2207347572476
4026.2207347572476
4026.2207347572476
4015.465339389696
4015.465339389696
4015.465339389696
4015.465339389696
4015.465339389696
4015.465339389696
4015.465339389696
4015.465339389696
4015.465339389696
4015.465339389696
4015.465339389696
3934.4501814237397
3934.4501814237397
3934.4501814237397
3934.4501814237397
3934.4501814237397
3841.595779770765
3841.595779770765
3841.595779770765
3841.595779770765
3841.595779770765
3841.595779770765
3841.595779770765
3841.595779770765
3841.595779770765
3818.509097095778
3818.509097095778
3798.864502429993
3798.864502429993
3798.864502429993
3798.864502429993
3791.4177915483156
3767.2558528967324
3764.770070196155
3713.379062583573
3701.7911763550806
3701.7911763550806
3701.7911763550806
3701.7911763550806
3701.7911763550806
3675.1292355631203
3675.1292355631203
3672.8061106591117
3672.8061106591117
3668.099296544536
3668.099296544536
3668.099296544536
3668.099296544536
3668.099296544536
3645.690483936128
3645.690483936128
3645.690483936128
3645.690483936128
3634.8647379941954
3634.8647379941954
3634.8647379941954
3634.8647379941954
3634.8647379941954
3608.8582201096983
3608.8582201096983
3608.8582201096983
3608.8582201096983
3575.602379905736
3550.148897428289
3550.148897428289
3550.148897428289
3550.148897428289
3550.148897428289
3550.148897428289
3550.148897428289
3550.148897428289
3550.148897428289
3550.148897428289
3550.148897428289
3550.148897428289
3542.8518399535665
3542.8518399535665
3539.888684423265
3536.214924814583
3489.3066075832985
3441.51605844348
3441.51605844348
3441.51605844348
3441.51605844348
3441.51605844348
3441.51605844348
3441.51605844348
3393.2166471006963
3393.2166471006963
3393.2166471006963
3393.2166471006963
3393.2166471006963
3393.2166471006963
3393.2166471006963
3393.2166471006963
3393.2166471006963
3393.2166471006963
3388.8021204985143
3388.8021204985143
3374.434904850807
3374.434904850807
3324.5504889889676
3324.5504889889676
3324.5504889889676
3324.5504889889676
3323.31844273307
3323.31844273307
3323.31844273307
3323.31844273307
3280.477396684901
3280.477396684901
3280.477396684901
3280.477396684901
3280.477396684901
3254.768355508694
3253.1361712749995
3228.2414477365865
3220.850342118414
3220.850342118414
3220.850342118414
3220.850342118414
3203.440300797285
3203.440300797285
3203.440300797285
3203.440300797285
3203.440300797285
3120.1448473605187
3120.1448473605187
3120.1448473605187
3120.1448473605187
3120.1448473605187
3120.1448473605187
3120.1448473605187
3120.1448473605187
3120.1448473605187
3110.9660719803933
3110.9660719803933
3109.0817047031533
3109.0817047031533
3109.0817047031533
3109.0817047031533
3109.0817047031533
3109.0817047031533
3109.0817047031533
3109.0817047031533
3109.0817047031533
3109.0817047031533
3109.0817047031533
3106.809054622079
3106.809054622079
3106.809054622079
3106.809054622079
3106.809054622079
3106.809054622079
3106.809054622079
3106.809054622079
3106.809054622079
3106.809054622079
3106.809054622079
3106.809054622079
3106.809054622079
3106.809054622079
3106.809054622079
3106.809054622079
3106.809054622079
3106.809054622079
3106.809054622079
3106.809054622079
3106.809054622079
3106.809054622079
3106.809054622079
3106.809054622079
3099.5862382427376
3099.5862382427376
3077.8573423798043
3077.8573423798043
3077.8573423798043
3077.8573423798043
3077.8573423798043
3077.8573423798043
3077.8573423798043
3077.8573423798043
3077.8573423798043
3077.8573423798043
3077.8573423798043
3077.8573423798043
3077.8573423798043
3077.8573423798043
3077.8573423798043
3077.8573423798043
3072.8368351960935
3070.756271243564
3070.756271243564
3070.756271243564
3070.756271243564
3070.756271243564
3021.229287246415
3021.229287246415
3021.229287246415
3010.0115077101036
3010.0115077101036
3010.0115077101036
3010.0115077101036
3010.0115077101036
3010.0115077101036
3010.0115077101036
3010.0115077101036
3010.0115077101036
3008.1418152496753
3008.1418152496753
3005.083938972288
3005.083938972288
3005.083938972288
3005.083938972288
3005.083938972288
3005.083938972288
3005.083938972288
3005.083938972288
3005.083938972288
3003.382216142661
3003.382216142661
2984.7147651436335
2984.7147651436335
2984.7147651436335
2984.7147651436335
2984.7147651436335
2984.7147651436335
2984.7147651436335
2984.7147651436335
2984.7147651436335
2984.7147651436335
2984.7147651436335
2974.1187043328773
2974.1187043328773
2974.1187043328773
2974.1187043328773
2974.1187043328773
2974.1187043328773
2974.1187043328773
2948.797561082573
2948.797561082573
2931.3372672821697
2931.3372672821697
2931.3372672821697
2931.3372672821697
2931.3372672821697
2931.3372672821697
2931.3372672821697
2931.3372672821697
2931.3372672821697
2931.3372672821697
2931.3372672821697
2867.761496154228
2867.761496154228
2860.4091660263366
2860.4091660263366
2860.4091660263366
2860.4091660263366
2860.4091660263366
2860.4091660263366
2860.4091660263366
2860.4091660263366
2860.4091660263366
2860.4091660263366
2860.4091660263366
2860.4091660263366
2860.4091660263366
2860.4091660263366
2860.4091660263366
2860.4091660263366
2860.4091660263366
2860.4091660263366
2859.803935041521
2859.803935041521
2859.803935041521
2859.803935041521
2859.803935041521
2859.803935041521
2859.803935041521
2859.803935041521
2859.803935041521
2851.0646666193634
2851.0646666193634
2851.0646666193634
2851.0646666193634
2851.0646666193634
2802.1428287182844
2802.1428287182844
2780.7158827466446
2780.7158827466446
2780.7158827466446
2750.456628783185
2750.456628783185
2750.456628783185
2750.1475495106797
2750.1475495106797
2750.1475495106797
2748.4470536515137
2748.4470536515137
2748.4470536515137
2748.4470536515137
2748.4470536515137
2748.4470536515137
2748.4470536515137
2748.4470536515137
2748.4470536515137
2737.818394208523
2737.818394208523
2737.818394208523
2737.818394208523
2737.818394208523
2737.818394208523
2737.818394208523
2737.818394208523
2737.818394208523
2737.818394208523
2737.818394208523
2737.818394208523
2737.818394208523
2717.7342485505424
2717.7342485505424
2717.7342485505424
2717.7342485505424
2709.699133741212
2709.699133741212
2709.699133741212
2709.699133741212
2697.722830779993
2697.722830779993
2697.722830779993
2697.722830779993
2697.722830779993
2697.722830779993
2697.722830779993
2692.0703789139307
2692.0703789139307
2692.0703789139307
2692.0703789139307
2692.0703789139307
2655.379185071448
2655.379185071448
2655.379185071448
2655.379185071448
2655.379185071448
2655.379185071448
2655.379185071448
2655.379185071448
2655.379185071448
2655.379185071448
2655.379185071448
2655.379185071448
2655.379185071448
2655.379185071448
2655.379185071448
2655.379185071448
2655.379185071448
2655.379185071448
2647.3699548579525
2647.3699548579525
2647.3699548579525
2628.275600945686
2628.275600945686
2628.275600945686
2628.275600945686
2628.275600945686
2628.275600945686
2628.275600945686
2628.275600945686
2628.275600945686
2628.275600945686
2628.275600945686
2628.275600945686
2628.275600945686
2628.275600945686
2628.275600945686
2605.538161356154
2605.538161356154
2605.538161356154
2605.538161356154
2605.538161356154
2603.1580214736737
2603.1580214736737
2603.1580214736737
2603.1580214736737
2603.1580214736737
2603.1580214736737
2603.1580214736737
2603.1580214736737
2603.1580214736737
2603.1580214736737
2603.1580214736737
2603.1580214736737
2603.1580214736737
2603.1580214736737
2603.1580214736737
2598.2795579743783
2598.2795579743783
2598.2795579743783
2598.2795579743783
2598.2795579743783
2598.2795579743783
2598.2795579743783
2598.2795579743783
2598.2795579743783
2598.2795579743783
2598.2795579743783
2598.2795579743783
2598.2795579743783
2598.2795579743783
2597.389986776203
2597.389986776203
2597.389986776203
2597.389986776203
2597.389986776203
2597.389986776203
2597.389986776203
2597.389986776203
2597.389986776203
2597.389986776203
2597.389986776203
2597.389986776203
2597.389986776203
2597.389986776203
2597.389986776203
2597.389986776203
2597.389986776203
2560.5422042270866
2551.262149594529
2551.262149594529
2546.251007663358
2546.251007663358
2546.251007663358
2543.967158745926
2543.967158745926
2543.967158745926
2543.967158745926
2543.967158745926
2529.142368809347
2529.142368809347
2529.142368809347
2529.142368809347
2529.142368809347
2527.3013060325416
2527.3013060325416
2527.3013060325416
2527.3013060325416
2523.937695867742
2523.937695867742
2523.937695867742
2523.937695867742
2523.937695867742
2523.937695867742
2523.937695867742
2523.937695867742
2523.937695867742
2523.937695867742
2523.937695867742
2523.937695867742
2523.937695867742
2523.937695867742
2523.937695867742
2523.937695867742
2523.937695867742
2523.937695867742
2523.937695867742
2523.937695867742
2523.937695867742
2523.937695867742
2523.937695867742
2523.937695867742
2523.937695867742
2523.937695867742
2523.937695867742
2523.937695867742
2523.937695867742
2523.937695867742
2523.937695867742
2523.937695867742
2523.937695867742
2523.937695867742
2511.9328771418723
2511.9328771418723
2511.9328771418723
2511.9328771418723
2511.9328771418723
2494.7766917761164
2494.7766917761164
2489.5792400169044
2489.5792400169044
2489.5792400169044
2489.5792400169044
2489.5792400169044
2489.5792400169044
2489.5792400169044
2489.5792400169044
2489.5792400169044
2489.5792400169044
2489.5792400169044
2489.5792400169044
2489.5792400169044
2489.5792400169044
2489.5792400169044
2489.5792400169044
2486.526943503652
2486.526943503652
2484.6230996408653
2484.6230996408653
2484.6230996408653
2484.6230996408653
2484.6230996408653
2484.6230996408653
2484.6230996408653
2484.6230996408653
2484.6230996408653
2484.6230996408653
2484.6230996408653
2484.6230996408653
2484.6230996408653
2479.3191443619135
2479.3191443619135
2479.3191443619135
2479.3191443619135
2479.3191443619135
2479.3191443619135
2478.134070566127
2478.134070566127
2478.134070566127
2478.134070566127
2478.134070566127
2470.984909104817
2470.984909104817
2470.984909104817
2470.984909104817
2470.984909104817
2470.984909104817
2470.984909104817
2470.984909104817
2470.984909104817
2470.984909104817
2470.984909104817
2470.984909104817
2470.984909104817
2470.984909104817
2470.984909104817
2470.984909104817
2470.984909104817
2470.984909104817
2470.984909104817
2470.4087482313857
2470.4087482313857
2470.4087482313857
2470.4087482313857
2470.4087482313857
2459.4278620740984
2459.4278620740984
2459.4278620740984
2459.4278620740984
2459.4278620740984
2459.4278620740984
2459.4278620740984
2436.7476890835696
2436.7476890835696
2436.7476890835696
2436.7476890835696
2436.7476890835696
2436.7476890835696
2436.7476890835696
2436.7476890835696
2436.7476890835696
2436.7476890835696
2436.7476890835696
2417.3710317907135
2417.3710317907135
2417.3710317907135
2402.5345367198165
2402.5345367198165
2402.5345367198165
2402.5345367198165
2402.5345367198165
2402.5345367198165
2402.5345367198165
2402.5345367198165
2402.5345367198165
2402.5345367198165
2402.5345367198165
2402.5345367198165
2402.5345367198165
2402.5345367198165
2402.5345367198165
2402.5345367198165
2402.5345367198165
2402.5345367198165
2402.5345367198165
2402.5345367198165
2402.5345367198165
2402.5345367198165
2402.5345367198165
2402.5345367198165
2402.5345367198165
2402.5345367198165
2402.5345367198165
2402.5345367198165
2402.5345367198165
2402.5345367198165
2402.5345367198165
2402.5345367198165
2402.5345367198165
2402.5345367198165
2402.5345367198165
2402.5345367198165
2402.5345367198165
2402.5345367198165
2402.5345367198165
2402.5345367198165
2402.5345367198165
2402.5345367198165
2402.5345367198165
2402.5345367198165
2402.5345367198165
2402.5345367198165
2402.5345367198165
2402.5345367198165
2402.5345367198165
2402.5345367198165
2402.5345367198165
2402.5345367198165
2402.5345367198165
2402.5345367198165
2402.5345367198165
2399.526415058232
2399.526415058232
2399.526415058232
2399.526415058232
2399.526415058232
2399.526415058232
2399.526415058232
2399.526415058232
2399.526415058232
2379.175798177118
2370.1755224674102
2370.1755224674102
2370.1755224674102
2370.1755224674102
2370.1755224674102
2370.1755224674102
2370.1755224674102
2370.1755224674102
2370.1755224674102
2360.6933680378106
2360.6933680378106
2360.6933680378106
2360.6933680378106
2360.6933680378106
2360.6933680378106
2348.58591759367
2348.58591759367
2348.58591759367
2348.58591759367
2348.58591759367
2348.58591759367
2348.58591759367
2348.58591759367
2348.58591759367
2348.58591759367
2348.58591759367
2348.58591759367
2348.58591759367
2346.1775339663113
2346.1775339663113
2346.1775339663113
2346.1775339663113
2346.1775339663113
2346.1775339663113
2346.1775339663113
2346.1775339663113
2339.4858669155406
2339.4858669155406
2339.4858669155406
2308.051629069612
2308.051629069612
2294.220160148572
2294.220160148572
2294.220160148572
2294.220160148572
2294.220160148572
2287.607640891565
2287.607640891565
2287.607640891565
2287.607640891565
2287.557199665173
2287.557199665173
2245.083461903474
2245.083461903474
2245.083461903474
2245.083461903474
2245.083461903474
2245.083461903474
2245.083461903474
2245.083461903474
2245.083461903474
2245.083461903474
2245.083461903474
2245.083461903474
2245.083461903474
2245.083461903474
2245.083461903474
2245.083461903474
2222.5716812434284
2222.5716812434284
2222.5716812434284
2222.5716812434284
2222.5716812434284
2222.5716812434284
2222.5716812434284
2221.899042139633
2221.899042139633
2221.899042139633
2221.899042139633
2221.899042139633
2221.899042139633
2198.5875886311496
2198.5875886311496
2198.5875886311496
2198.5875886311496
2198.5875886311496
2198.5875886311496
2198.5875886311496
2198.5875886311496
2198.5875886311496
2198.5875886311496
2198.5875886311496
2198.5875886311496
2198.5875886311496
2198.5875886311496
2198.5875886311496
2198.5875886311496
2198.5875886311496
2198.5875886311496
2198.5875886311496
2198.5875886311496
2198.5875886311496
2198.5875886311496
2198.5875886311496
2198.5875886311496
2198.5875886311496
2198.5875886311496
2198.5875886311496
2198.5875886311496
2198.5875886311496
2198.5875886311496
2198.5875886311496
2198.5875886311496
2198.5875886311496
2198.5875886311496
2198.5875886311496
2198.5875886311496
2198.5875886311496
2198.5875886311496
2198.5875886311496
2198.5875886311496
2198.5875886311496
2198.5875886311496
2198.5875886311496
2198.5875886311496
2198.5875886311496
2198.5875886311496
2198.5875886311496
2198.5875886311496
2198.5875886311496
2198.5875886311496
2198.5875886311496
2198.5875886311496
2198.5875886311496
2198.5875886311496
2198.5875886311496
2198.5875886311496
2198.5875886311496
2198.5875886311496
2198.5875886311496
2198.5875886311496
2198.5875886311496
2172.6488460143605
2172.6488460143605
2172.6488460143605
2172.6488460143605
2172.6488460143605
2172.6488460143605
2172.6488460143605
2172.6488460143605
2172.6488460143605
2172.6488460143605
2172.6488460143605
2172.6488460143605
2172.6488460143605
2172.6488460143605
2172.6488460143605
2172.6488460143605
2162.0618296493594
2162.0618296493594
2162.0618296493594
2162.0618296493594
2162.0618296493594
2162.0618296493594
2162.0618296493594
2162.0618296493594
2162.0618296493594
2162.0618296493594
2162.0618296493594
2162.0618296493594
2162.0618296493594
2162.0618296493594
2162.0618296493594
2153.317817531095
2153.317817531095
2153.317817531095
2153.317817531095
2153.317817531095
2153.317817531095
2153.317817531095
2153.317817531095
2153.317817531095
2153.317817531095
2153.317817531095
2153.317817531095
2153.317817531095
2153.317817531095
2153.317817531095
2153.317817531095
2153.317817531095
2153.317817531095
2153.317817531095
2153.317817531095
2153.317817531095
2153.317817531095
2153.317817531095
2153.317817531095
2153.317817531095
2153.317817531095
2153.317817531095
2153.317817531095
2153.317817531095
2153.317817531095
2153.317817531095
2153.317817531095
2153.317817531095
2153.317817531095
2153.317817531095
2153.317817531095
2153.317817531095
2153.317817531095
2153.317817531095
2153.317817531095
2153.317817531095
2153.317817531095
2153.317817531095
2153.317817531095
2153.317817531095
2153.317817531095
2153.317817531095
2153.317817531095
2153.317817531095
2148.7316500498378
2148.7316500498378
2148.7316500498378
2148.7316500498378
2148.7316500498378
2148.7316500498378
2148.7316500498378
2148.7316500498378
2148.7316500498378
2148.7316500498378
2148.7316500498378
2148.7316500498378
2148.7316500498378
2148.7316500498378
2148.7316500498378
2148.7316500498378
2148.7316500498378
2148.7316500498378
2148.7316500498378
2148.7316500498378
2148.7316500498378
2148.7316500498378
2148.7316500498378
2118.3149371208087
2118.3149371208087
2118.3149371208087
2118.3149371208087
2118.3149371208087
2118.3149371208087
2118.3149371208087
2118.3149371208087
2118.3149371208087
2118.3149371208087
2118.3149371208087
2118.3149371208087
2118.3149371208087
2118.3149371208087
2118.3149371208087
2118.3149371208087
2118.3149371208087
2118.3149371208087
2118.3149371208087
2113.1860795005123
2112.5479575652976
2112.5479575652976
2112.5479575652976
2112.5479575652976
2112.5479575652976
2112.5479575652976
2112.5479575652976
2112.5479575652976
2108.7537345302367
2108.7537345302367
2108.7537345302367
2108.7537345302367
2108.7537345302367
2108.7537345302367
2108.318680185157
2093.012216739919
2093.012216739919
2093.012216739919
2093.012216739919
2093.012216739919
2093.012216739919
2093.012216739919
2093.012216739919
2093.012216739919
2093.012216739919
2093.012216739919
2093.012216739919
2093.012216739919
2093.012216739919
2093.012216739919
2093.012216739919
2093.012216739919
2093.012216739919
2088.9049758494343
2088.9049758494343
2088.9049758494343
2088.9049758494343
2088.9049758494343
2088.9049758494343
2088.9049758494343
2077.2156977832806
2077.2156977832806
2061.147971614174
2061.147971614174
2061.147971614174
2061.147971614174
2061.147971614174
2061.147971614174
2061.147971614174
2061.147971614174
2061.147971614174
2061.147971614174
2061.147971614174
2061.147971614174
2061.147971614174
2061.147971614174
2061.147971614174
2061.147971614174
2061.147971614174
2061.147971614174
2061.147971614174
2061.147971614174
2061.147971614174
2061.147971614174
2061.147971614174
2061.147971614174
2061.147971614174
2061.147971614174
2060.4658916768867
2060.4658916768867
2060.4658916768867
2060.4658916768867
2060.4658916768867
2060.4658916768867
2060.4658916768867
2060.4658916768867
2060.4658916768867
2060.4658916768867
2060.4658916768867
2060.4658916768867
2060.4658916768867
2060.4658916768867
2060.4658916768867
2060.4658916768867
2060.4658916768867
2060.4658916768867
2060.4658916768867
2060.4658916768867
2060.4658916768867
2060.4658916768867
2060.4658916768867
2060.4658916768867
2060.4658916768867
2056.080530545677
2056.080530545677
2056.080530545677
2056.080530545677
2056.080530545677
2056.080530545677
2056.080530545677
2056.080530545677
2056.080530545677
2049.862574393758
2049.862574393758
2049.862574393758
2049.862574393758
2049.862574393758
2049.862574393758
2049.862574393758
2049.862574393758
2049.862574393758
2049.862574393758
2049.862574393758
2049.862574393758
2049.862574393758
2049.862574393758
2049.862574393758
2049.862574393758
2049.862574393758
2049.862574393758
2049.862574393758
2049.862574393758
2049.862574393758
2049.862574393758
2049.862574393758
2049.862574393758
2049.862574393758
2049.862574393758
2049.862574393758
2049.862574393758
2049.862574393758
2049.862574393758
2049.862574393758
2049.862574393758
2049.862574393758
2049.862574393758
2049.862574393758
2049.862574393758
2049.862574393758
2049.862574393758
2049.862574393758
2049.862574393758
2049.862574393758
2049.862574393758
2049.862574393758
2049.862574393758
2049.862574393758
2049.862574393758
2049.862574393758
2049.862574393758
2049.862574393758
2049.862574393758
2049.862574393758
2049.862574393758
2049.862574393758
2049.862574393758
2038.2310758863437
2038.2310758863437
2038.2310758863437
2038.2310758863437
2038.2310758863437
2038.2310758863437
2038.2310758863437
2038.2310758863437
2038.2310758863437
2038.2310758863437
2038.2310758863437
2038.2310758863437
2038.2310758863437
2038.2310758863437
2038.2310758863437
2036.7055050460672
2036.7055050460672
2036.7055050460672
2036.4367459546438
2036.4367459546438
2036.4367459546438
2036.4367459546438
2036.4367459546438
2036.4367459546438
2036.4367459546438
2036.4367459546438
2036.4367459546438
2036.4367459546438
2036.4367459546438
2036.4367459546438
2036.4367459546438
2036.4367459546438
2036.4367459546438
2036.4367459546438
2036.4367459546438
2036.4367459546438
2036.4367459546438
2036.4367459546438
2036.4367459546438
2036.4367459546438
2036.4367459546438
2036.4367459546438
2036.4367459546438
2036.4367459546438
2036.4367459546438
2036.4367459546438
2036.4367459546438
2036.4367459546438
2036.4367459546438
2036.4367459546438
2036.4367459546438
2036.4367459546438
2036.4367459546438
2036.4367459546438
2036.4367459546438
2036.4367459546438
2036.4367459546438
2036.4367459546438
2036.4367459546438
2036.4367459546438
2036.4367459546438
2036.4367459546438
2036.4367459546438
2036.4367459546438
2036.4367459546438
2036.4367459546438
2036.4367459546438
2036.4367459546438
2036.4367459546438
2036.4367459546438
2036.4367459546438
2036.4367459546438
2036.4367459546438
2036.4367459546438
2036.4367459546438
2036.4367459546438
2036.4367459546438
2036.4367459546438
2036.4367459546438
2036.4367459546438
2036.4367459546438
2036.4367459546438
2036.4367459546438
2036.4367459546438
2036.4367459546438
2036.4367459546438
2011.3485674313465
2011.3485674313465
2011.3485674313465
2011.3485674313465
2011.3485674313465
2011.3485674313465
2011.3485674313465
2011.3485674313465
2011.3485674313465
2011.3485674313465
2011.3485674313465
2011.3485674313465
2011.3485674313465
2011.3485674313465
2011.3485674313465
2011.3485674313465
2011.3485674313465
2011.3485674313465
2011.3485674313465
2011.3485674313465
2011.3485674313465
2011.3485674313465
2011.3485674313465
2011.3485674313465
2011.3485674313465
2011.3485674313465
2011.3485674313465
2011.3485674313465
2011.3485674313465
2011.3485674313465
2011.3485674313465
2011.3485674313465
2011.3485674313465
2003.857370020259
2003.857370020259
2001.3578677589521
2001.3578677589521
2001.3578677589521
2001.3578677589521
2001.3578677589521
2001.3578677589521
2001.3578677589521
1990.5365799340584
1990.5365799340584
1990.5365799340584
1990.5365799340584
1990.5365799340584
1976.2502846363177
1976.2502846363177
1976.2502846363177
1976.2502846363177
1976.2502846363177
1976.2502846363177
1976.2502846363177
1976.2502846363177
1976.2502846363177
1976.2502846363177
1976.2502846363177
1976.2502846363177
1976.2502846363177
1976.2502846363177
1976.2502846363177
1976.2502846363177
1976.2502846363177
1976.2502846363177
1976.2502846363177
1976.2502846363177
1976.2502846363177
1976.2502846363177
1976.2502846363177
1976.2502846363177
1976.2502846363177
1976.2502846363177
1976.2502846363177
1976.2502846363177
1976.2502846363177
1969.3321452277032
1969.0928634064626
1969.0928634064626
1969.0928634064626
1969.0928634064626
1969.0928634064626
1969.0928634064626
1969.0928634064626
1969.0928634064626
1969.0928634064626
1969.0928634064626
1969.0928634064626
1969.0928634064626
1969.0928634064626
1969.0928634064626
1969.0928634064626
1969.0928634064626
1969.0928634064626
1969.0928634064626
1969.0928634064626
1969.0928634064626
1969.0928634064626
1969.0928634064626
1969.0928634064626
1969.0928634064626
1969.0928634064626
1969.0928634064626
1969.0928634064626
1958.7704487519327
1958.7704487519327
1958.7704487519327
1958.7704487519327
1958.7704487519327
1958.7704487519327
1958.7704487519327
1958.7704487519327
1958.7704487519327
1958.7704487519327
1958.7704487519327
1958.7704487519327
1958.7704487519327
1958.7704487519327
1958.7704487519327
1958.7704487519327
1958.7704487519327
1958.7704487519327
1958.7704487519327
1958.7704487519327
1958.7704487519327
1958.7704487519327
1958.7704487519327
1958.7704487519327
1958.7704487519327
1958.7704487519327
1958.7704487519327
1958.7704487519327
1951.3595397106606
1951.3595397106606
1951.3595397106606
1951.3595397106606
1951.3595397106606
1951.3595397106606
1951.3595397106606
1951.3595397106606
1951.3595397106606
1951.3595397106606
1951.3595397106606
1951.3595397106606
1951.3595397106606
1951.3595397106606
1951.3595397106606
1951.3595397106606
1951.3595397106606
1951.3595397106606
1951.3595397106606
1951.3595397106606
1951.3595397106606
1951.3595397106606
1951.3595397106606
1929.3202895704567
1929.3202895704567
1929.3202895704567
1929.3202895704567
1929.3202895704567
1929.3202895704567
1929.3202895704567
1929.3202895704567
1929.3202895704567
1929.3202895704567
1929.3202895704567
1929.3202895704567
1929.3202895704567
1929.3202895704567
1923.2996978608703
1923.2996978608703
1923.2996978608703
1923.2996978608703
1923.2996978608703
1921.843139489621
1921.843139489621
1921.843139489621
1921.843139489621
1921.843139489621
1921.843139489621
1921.843139489621
1921.843139489621
1921.843139489621
1921.843139489621
1921.843139489621
1921.843139489621
1921.843139489621
1921.843139489621
1919.0979319361895
1919.0979319361895
1919.0979319361895
1919.0979319361895
1919.0979319361895
1916.6374660245492
1916.6374660245492
1916.6374660245492
1916.6374660245492
1916.6374660245492
1915.9447684774814
1915.9447684774814
1915.9447684774814
1915.9447684774814
1915.9447684774814
1915.9447684774814
1915.9447684774814
1915.9447684774814
1915.9447684774814
1915.9447684774814
1915.9447684774814
1915.9447684774814
1915.9447684774814
1915.9447684774814
1915.7361217951816
1906.049783634268
1906.049783634268
1906.049783634268
1906.049783634268
1906.049783634268
1906.049783634268
1906.049783634268
1904.9423066395118
1904.9423066395118
1904.9423066395118
1904.9423066395118
1904.9423066395118
1904.9423066395118
1904.9423066395118
1904.9423066395118
1904.9423066395118
1904.9423066395118
1904.9423066395118
1904.9423066395118
1904.9423066395118
1904.9423066395118
1904.9423066395118
1904.9423066395118
1904.9423066395118
1904.9423066395118
1904.9423066395118
1904.9423066395118
1904.9423066395118
1904.9423066395118
1904.9423066395118
1904.9423066395118
1890.2489406147688
1890.2489406147688
1890.2489406147688
1890.2489406147688
1890.2489406147688
1890.2489406147688
1890.2489406147688
1890.2489406147688
1890.2489406147688
1890.2489406147688
1890.2489406147688
1890.2489406147688
1890.2489406147688
1883.4013315278435
1883.4013315278435
1883.4013315278435
1883.4013315278435
1883.4013315278435
1883.4013315278435
1883.4013315278435
1883.4013315278435
1883.4013315278435
1883.4013315278435
1883.4013315278435
1883.4013315278435
1883.4013315278435
1883.4013315278435
1883.4013315278435
1883.4013315278435
1883.4013315278435
1883.4013315278435
1883.4013315278435
1883.4013315278435
1883.4013315278435
1883.4013315278435
1883.4013315278435
1883.4013315278435
1883.4013315278435
1883.4013315278435
1883.4013315278435
1883.4013315278435
1883.4013315278435
1877.3930701933566
1877.3930701933566
1876.3389041597852
1876.3389041597852
1876.3389041597852
1876.3389041597852
1876.3389041597852
1876.3389041597852
1876.3389041597852
1876.3389041597852
1876.3389041597852
1876.3389041597852
1876.3389041597852
1876.3389041597852
1876.3389041597852
1876.3389041597852
1876.3389041597852
1876.3389041597852
1876.3389041597852
1876.3389041597852
1876.3389041597852
1876.3389041597852
1876.3389041597852
1876.3389041597852
1876.3389041597852
1876.3389041597852
1876.3389041597852
1876.3389041597852
1876.3389041597852
1876.3389041597852
1876.3389041597852
1876.3389041597852
1876.3389041597852
1876.3389041597852
1872.7715631068522
1872.7715631068522
1872.7715631068522
1872.7715631068522
1872.7715631068522
1872.7715631068522
1872.7715631068522
1872.7715631068522
1872.7715631068522
1872.7715631068522
1872.7715631068522
1872.7715631068522
1872.7715631068522
1872.7715631068522
1871.9222153723276
1871.9222153723276
1871.9222153723276
1871.9222153723276
1871.9222153723276
1871.9222153723276
1871.9222153723276
1871.9222153723276
1871.9222153723276
1871.9222153723276
1871.9222153723276
1871.9222153723276
1871.9222153723276
1871.9222153723276
1871.9222153723276
1871.9222153723276
1871.9222153723276
1871.9222153723276
1871.9222153723276
1871.9222153723276
1871.9222153723276
1871.9222153723276
1871.9222153723276
1871.9222153723276
1871.9222153723276
1871.9222153723276
1871.9222153723276
1871.9222153723276
1871.9222153723276
1871.9222153723276
1871.9222153723276
1871.9222153723276
1871.9222153723276
1871.9222153723276
1871.9222153723276
1871.9222153723276
1871.9222153723276
1871.9222153723276
1871.9222153723276
1871.9222153723276
1871.9222153723276
1871.9222153723276
1871.9222153723276
1871.9222153723276
1871.9222153723276
1871.9222153723276
1871.9222153723276
1871.9222153723276
1871.9222153723276
1871.9222153723276
1870.129437870866
1870.129437870866
1870.129437870866
1870.129437870866
1870.129437870866
1870.129437870866
1870.129437870866
1870.129437870866
1870.129437870866
1870.129437870866
1869.2204496852873
1869.2204496852873
1869.2204496852873
1869.2204496852873
1869.2204496852873
1869.2204496852873
1869.2204496852873
1869.2204496852873
1869.2204496852873
1869.2204496852873
1869.2204496852873
1869.2204496852873
1869.2204496852873
1869.2204496852873
1869.2204496852873
1869.2204496852873
1869.2204496852873
1869.2204496852873
1869.2204496852873
1869.2204496852873
1869.2204496852873
1869.2204496852873
1869.2204496852873
1869.2204496852873
1869.2204496852873
1869.2204496852873
1869.2204496852873
1844.9991646483772
1844.9991646483772
1844.9991646483772
1844.9991646483772
1844.9991646483772
1844.9991646483772
1844.9991646483772
1844.9991646483772
1844.9991646483772
1844.9991646483772
1844.9991646483772
1844.9991646483772
1844.9991646483772
1844.9991646483772
1844.9991646483772
1844.9991646483772
1844.9991646483772
1844.9991646483772
1844.9991646483772
1844.9991646483772
1844.9991646483772
1838.3615176596493
1838.3615176596493
1838.3615176596493
1838.3615176596493
1838.3615176596493
1838.3615176596493
1838.3615176596493
1838.3615176596493
1838.3615176596493
1838.3615176596493
1838.3615176596493
1838.3615176596493
1838.3615176596493
1838.3615176596493
1838.3615176596493
1838.3615176596493
1831.2388397402221
1831.2388397402221
1831.2388397402221
1831.2388397402221
1831.2388397402221
1831.2388397402221
1831.2388397402221
1831.2388397402221
1831.2388397402221
1831.2388397402221
1831.2388397402221
1831.2388397402221
1831.2388397402221
1831.2388397402221
1831.2388397402221
1831.2388397402221
1831.2388397402221
1831.2388397402221
1831.2388397402221
1831.2388397402221
1831.2388397402221
1831.2388397402221
1831.2388397402221
1831.2388397402221
1831.2388397402221
1831.2388397402221
1831.2388397402221
1831.2388397402221
1831.2388397402221
1831.2388397402221
1831.2388397402221
1831.2388397402221
1831.2388397402221
1831.2388397402221
1831.2388397402221
1831.2388397402221
1831.2388397402221
1831.2388397402221
1831.2388397402221
1831.2388397402221
1831.2388397402221
1831.2388397402221
1831.2388397402221
1831.2388397402221
1831.2388397402221
1831.2388397402221
1831.2388397402221
1831.2388397402221
1831.2388397402221
1831.2388397402221
1831.2388397402221
1831.2388397402221
1831.2388397402221
1831.2388397402221
1831.2388397402221
1831.2388397402221
1831.2388397402221
1831.2388397402221
1831.2388397402221
1831.2388397402221
1831.2388397402221
1831.2388397402221
1831.2388397402221
1831.2388397402221
1831.2388397402221
1831.2290255554572
1831.2290255554572
1831.2290255554572
1831.2290255554572
1831.2290255554572
1827.6254348192315
1827.6254348192315
1827.6254348192315
1827.6254348192315
1784.3652800162931
1784.3652800162931
1766.7372747223828
1766.7372747223828
1766.7372747223828
1766.7372747223828
1766.7372747223828
1766.7372747223828
1766.7372747223828
1766.7372747223828
1766.7372747223828
1766.7372747223828
1766.2421991732926
1766.2421991732926
1766.2421991732926
1766.2421991732926
1766.2421991732926
1766.2421991732926
1766.2421991732926
1766.2421991732926
1766.2421991732926
1766.2421991732926
1766.2421991732926
1766.2421991732926
1766.2421991732926
1766.2421991732926
1766.2421991732926
1766.2421991732926
1766.2421991732926
1766.2421991732926
1766.2421991732926
1766.2421991732926
1766.2421991732926
1766.2421991732926
1766.2421991732926
1766.2421991732926
1766.2421991732926
1766.2421991732926
1766.2421991732926
1766.2421991732926
1766.2421991732926
1766.2421991732926
1766.2421991732926
1766.2421991732926
1766.2421991732926
1766.2421991732926
1766.2421991732926
1766.2421991732926
1766.2421991732926
1766.2421991732926
1766.2421991732926
1766.2421991732926
1766.2421991732926
1766.2421991732926
1766.2421991732926
1766.2421991732926
1766.2421991732926
1766.2421991732926
1766.2421991732926
1766.2421991732926
1766.2421991732926
1759.8551636616862
1759.8551636616862
1759.8551636616862
1759.8551636616862
1759.8551636616862
1759.8551636616862
1759.8551636616862
1759.8551636616862
1759.8551636616862
1759.8551636616862
1759.8551636616862
1759.8551636616862
1759.8551636616862
1759.8551636616862
1759.8551636616862
1759.8551636616862
1759.8551636616862
1759.8551636616862
1759.8551636616862
1759.8551636616862
1756.693355363069
1756.693355363069
1756.693355363069
1756.693355363069
1756.693355363069
1756.693355363069
1756.693355363069
1756.693355363069
1756.693355363069
1756.693355363069
1756.693355363069
1756.693355363069
1756.693355363069
1756.693355363069
1756.693355363069
1756.693355363069
1756.693355363069
1756.693355363069
1756.693355363069
1756.693355363069
1756.693355363069
1756.693355363069
1756.693355363069
1756.693355363069
1756.693355363069
1756.693355363069
1756.693355363069
1756.693355363069
1756.693355363069
1756.693355363069
1756.693355363069
1756.693355363069
1756.693355363069
1756.693355363069
1756.693355363069
1756.693355363069
1756.693355363069
1756.693355363069
1756.693355363069
1756.693355363069
1756.693355363069
1756.693355363069
1756.693355363069
1756.693355363069
1756.693355363069
1756.693355363069
1756.693355363069
1756.693355363069
1756.693355363069
1756.693355363069
1756.693355363069
1756.693355363069
1756.693355363069
1756.693355363069
1756.693355363069
1756.693355363069
1756.693355363069
1756.693355363069
1756.693355363069
1756.693355363069
1756.693355363069
1756.693355363069
1756.693355363069
1756.693355363069
1756.693355363069
1756.693355363069
1756.693355363069
1756.693355363069
1756.693355363069
1756.693355363069
1756.693355363069
1756.693355363069
1756.693355363069
1756.693355363069
1756.693355363069
1756.693355363069
1756.693355363069
1756.693355363069
1756.693355363069
1756.693355363069
1756.693355363069
1756.693355363069
1756.693355363069
1756.693355363069
1756.693355363069
1756.693355363069
1756.693355363069
1756.693355363069
1756.693355363069
1756.693355363069
1756.693355363069
1756.693355363069
1756.693355363069
1731.7128982182358
1731.7128982182358
1731.7128982182358
1723.1630903721093
1723.1630903721093
1723.1630903721093
1723.1630903721093
1723.1630903721093
1723.1630903721093
1723.1630903721093
1723.1630903721093
1723.1630903721093
1723.1630903721093
1723.1630903721093
1723.1630903721093
1723.1630903721093
1723.1630903721093
1723.1630903721093
1723.1630903721093
1723.1630903721093
1723.1630903721093
1723.1630903721093
1723.1630903721093
1723.1630903721093
1723.1630903721093
1723.1630903721093
1723.1630903721093
1723.1630903721093
1723.1630903721093
1723.1630903721093
1723.1630903721093
1723.1630903721093
1723.1630903721093
1723.1630903721093
1723.1630903721093
1723.1630903721093
1723.1630903721093
1723.1630903721093
1723.1630903721093
1723.1630903721093
1723.1630903721093
1723.1630903721093
1723.1630903721093
1723.1630903721093
1723.1630903721093
1723.1630903721093
1723.1630903721093
1723.1630903721093
1723.1630903721093
1723.1630903721093
1723.1630903721093
1723.1630903721093
1723.1630903721093
1709.4712493642874
1709.4712493642874
1709.4712493642874
1709.4712493642874
1709.4712493642874
1709.4712493642874
1709.4712493642874
1709.4712493642874
1709.4712493642874
1709.4712493642874
1709.4712493642874
1709.4712493642874
1709.4712493642874
1709.4712493642874
1709.4712493642874
1709.4712493642874
1709.4712493642874
1709.4712493642874
1709.4712493642874
1709.4712493642874
1709.4712493642874
1709.4712493642874
1709.4712493642874
1709.4712493642874
1709.4712493642874
1709.4712493642874
1707.9183144998851
1707.9183144998851
1707.9183144998851
1707.9183144998851
1707.9183144998851
1707.9183144998851
1707.9183144998851
1707.9183144998851
1707.9183144998851
1707.9183144998851
1707.9183144998851
1707.9183144998851
1707.9183144998851
1707.9183144998851
1707.9183144998851
1707.9183144998851
1707.9183144998851
1707.9183144998851
1707.9183144998851
1707.9183144998851
1707.9183144998851
1707.9183144998851
1707.9183144998851
1707.9183144998851
1707.9183144998851
1707.9183144998851
1707.9183144998851
1707.9183144998851
1707.9183144998851
1707.9183144998851
1707.9183144998851
1707.9183144998851
1707.9183144998851
1707.9183144998851
1707.9183144998851
1707.9183144998851
1707.9183144998851
1707.9183144998851
1707.9183144998851
1707.9183144998851
1707.9183144998851
1707.9183144998851
1707.9183144998851
1707.9183144998851
1707.9183144998851
1707.9183144998851
1707.9183144998851
1707.9183144998851
1707.9183144998851
1707.9183144998851
1707.9183144998851
1707.9183144998851
1707.9183144998851
1707.9183144998851
1707.9183144998851
1707.9183144998851
1707.9183144998851
1707.9183144998851
1707.9183144998851
1707.9183144998851
1707.9183144998851
1707.9183144998851
1707.9183144998851
1707.9183144998851
1707.9183144998851
1704.0717028078884
1704.0717028078884
1704.0717028078884
1704.0717028078884
1704.0717028078884
1704.0717028078884
1704.0717028078884
1704.0717028078884
1704.0717028078884
1704.0717028078884
1698.3805093165874
1698.3805093165874
1698.3805093165874
1698.3805093165874
1698.3805093165874
1698.3805093165874
1698.3805093165874
1672.4152668085394
1672.4152668085394
1672.4152668085394
1672.4152668085394
1672.4152668085394
1672.4152668085394
1672.4152668085394
1672.4152668085394
1672.4152668085394
1672.4152668085394
1650.6395016793176
1650.6395016793176
1650.6395016793176
1650.6395016793176
1650.6395016793176
1650.6395016793176
1650.6395016793176
1650.6395016793176
1650.6395016793176
1650.6395016793176
1650.6395016793176
1615.0432522799028
1615.0432522799028
1615.0432522799028
1615.0432522799028
1615.0432522799028
1615.0432522799028
1615.0432522799028
1615.0432522799028
1615.0432522799028
1615.0432522799028
1615.0432522799028
1615.0432522799028
1615.0432522799028
1615.0432522799028
1615.0432522799028
1615.0432522799028
1615.0432522799028
1615.0432522799028
1615.0432522799028
1605.7818217270478
1605.7818217270478
1605.7818217270478
1605.7818217270478
1605.7818217270478
1605.7818217270478
1605.7818217270478
1605.7818217270478
1605.7818217270478
1605.7818217270478
1605.7818217270478
1605.7818217270478
1605.7818217270478
1605.7818217270478
1605.7818217270478
1605.7818217270478
1605.7818217270478
1605.7818217270478
1605.7818217270478
1605.7818217270478
1604.954217743319
1604.954217743319
1604.954217743319
1604.954217743319
1604.954217743319
1604.954217743319
1604.954217743319
1604.954217743319
1604.954217743319
1604.954217743319
1604.954217743319
1604.954217743319
1604.954217743319
1604.954217743319
1604.954217743319
1604.954217743319
1604.954217743319
1604.954217743319
1604.954217743319
1604.954217743319
1578.9979038442725
1578.9979038442725
1578.9979038442725
1578.9979038442725
1578.9979038442725
1578.9979038442725
1578.9979038442725
1578.9979038442725
1578.9979038442725
1578.9979038442725
1578.9979038442725
1578.9979038442725
1578.9979038442725
1578.9979038442725
1578.9979038442725
1578.9979038442725
1578.9979038442725
1578.9979038442725
1578.9979038442725
1578.9979038442725
1578.9979038442725
1578.9979038442725
1578.9979038442725
1578.9979038442725
1578.9979038442725
1578.9979038442725
1578.9979038442725
1578.9979038442725
1578.9979038442725
1578.9979038442725
1578.9979038442725
1578.9979038442725
1578.9979038442725
1578.9979038442725
1578.9979038442725
1578.9979038442725
1578.9979038442725
1578.9979038442725
1578.9979038442725
1578.9905429411601
1578.9905429411601
1578.9905429411601
1578.9905429411601
1578.9905429411601
1578.9905429411601
1578.9905429411601
1578.9905429411601
1578.9905429411601
1578.9905429411601
1578.9905429411601
1578.9905429411601
1578.9905429411601
1578.9905429411601
1578.4622615968065
1578.4622615968065
1578.4622615968065
1578.4622615968065
1578.4622615968065
1578.4622615968065
1578.4622615968065
1578.4622615968065
1578.4622615968065
1578.4622615968065
1578.4622615968065
1578.4622615968065
1578.4622615968065
1578.4622615968065
1578.4622615968065
1578.4622615968065
1578.4622615968065
1578.4622615968065
1578.4622615968065
1578.4622615968065
1576.7929112142783
1576.7929112142783
1576.7929112142783
1576.7929112142783
1576.7929112142783
1576.7929112142783
1576.7929112142783
1576.7929112142783
1576.7929112142783
1576.7929112142783
1576.7929112142783
1576.7929112142783
1576.7929112142783
1576.7929112142783
1576.7929112142783
1576.7929112142783
1576.7929112142783
1576.7929112142783
1576.7929112142783
1576.7929112142783
1576.7929112142783
1576.7929112142783
1576.7929112142783
1576.7929112142783
1576.7929112142783
1576.7929112142783
1576.7929112142783
1576.7929112142783
1576.7929112142783
1576.7929112142783
1576.7929112142783
1576.7929112142783
1576.7929112142783
1576.7929112142783
1576.7929112142783
1576.7929112142783
1576.7929112142783
1576.7929112142783
1576.7929112142783
1576.7929112142783
1576.7929112142783
1576.7929112142783
1576.7929112142783
1576.7929112142783
1576.7929112142783
1576.7929112142783
1576.7929112142783
1576.7929112142783
1576.7929112142783
1576.7929112142783
1576.0443179861345
1576.0443179861345
1576.0443179861345
1576.0443179861345
1576.0443179861345
1576.0443179861345
1576.0443179861345
1576.0443179861345
1576.0443179861345
1576.0443179861345
1576.0443179861345
1576.0443179861345
1576.0443179861345
1576.0443179861345
1576.0443179861345
1576.0443179861345
1555.7745496358684
1555.7745496358684
1555.7745496358684
1555.7745496358684
1555.7745496358684
1555.7745496358684
1555.7745496358684
1555.7745496358684
1555.7745496358684
1555.7745496358684
1555.7745496358684
1555.7745496358684
1555.7745496358684
1555.7745496358684
1555.7745496358684
1555.7745496358684
1555.7745496358684
1555.7745496358684
1555.7745496358684
1555.7745496358684
1555.7745496358684
1555.7745496358684
1555.7745496358684
1555.7745496358684
1555.7745496358684
1555.7745496358684
1555.7745496358684
1555.7745496358684
1543.929341115942
1543.929341115942
1543.929341115942
1543.929341115942
1543.929341115942
1543.929341115942
1543.929341115942
1543.929341115942
1543.929341115942
1543.929341115942
1543.929341115942
1543.929341115942
1543.929341115942
1543.929341115942
1543.929341115942
1543.929341115942
1543.929341115942
1543.929341115942
1536.9537872224932
1536.9537872224932
1536.9537872224932
1536.9537872224932
1536.9537872224932
1536.9537872224932
1536.9537872224932
1536.9537872224932
1536.9537872224932
1536.9537872224932
1536.9537872224932
1536.9537872224932
1536.9537872224932
1536.9537872224932
1536.9537872224932
1536.9537872224932
1536.9537872224932
1536.9537872224932
1536.9537872224932
1536.9537872224932
1536.9537872224932
1536.9537872224932
1536.9537872224932
1536.9537872224932
1536.9537872224932
1536.9537872224932
1536.9537872224932
1536.9537872224932
1536.9537872224932
1536.9537872224932
1536.9537872224932
1536.9537872224932
1536.9537872224932
1536.9537872224932
1536.9537872224932
1536.9537872224932
1536.9537872224932
1536.9537872224932
1536.9537872224932
1536.9537872224932
1536.9537872224932
1536.9537872224932
1536.9537872224932
1536.9537872224932
1536.9537872224932
1536.9537872224932
1536.9537872224932
1536.9537872224932
1536.9537872224932
1536.9537872224932
1536.9537872224932
1536.9537872224932
1536.9537872224932
1536.9537872224932
1536.9537872224932
1536.9537872224932
1536.9537872224932
1536.9537872224932
1536.9537872224932
1536.9537872224932
1536.9537872224932
1536.9537872224932
1536.9537872224932
1536.9537872224932
1536.9537872224932
1536.9537872224932
1536.9537872224932
1536.9537872224932
1536.9537872224932
1536.9537872224932
1536.9537872224932
1536.9537872224932
1536.9537872224932
1536.9537872224932
1536.9537872224932
1536.9537872224932
1536.9537872224932
1536.9537872224932
1536.9537872224932
1536.9537872224932
1536.9537872224932
1536.9537872224932
1536.9537872224932
1536.9537872224932
1536.9537872224932
1536.9537872224932
1535.434271937444
1535.434271937444
1535.434271937444
1535.434271937444
1535.434271937444
1535.434271937444
1534.2268327952452
1534.2268327952452
1534.2268327952452
1534.2268327952452
1534.2268327952452
1534.2268327952452
1534.2268327952452
1534.2268327952452
1534.2268327952452
1534.2268327952452
1534.2268327952452
1534.2268327952452
1534.2268327952452
1534.2268327952452
1527.9649486174135
1527.9649486174135
1527.9649486174135
1527.9649486174135
1527.9649486174135
1527.9649486174135
1527.9649486174135
1527.9649486174135
1527.9649486174135
1527.9649486174135
1527.9649486174135
1527.9649486174135
1527.9649486174135
1527.9649486174135
1527.9649486174135
1527.9649486174135
1527.9649486174135
1527.9649486174135
1527.9649486174135
1527.9649486174135
1527.9649486174135
1527.9649486174135
1527.9649486174135
1527.9649486174135
1527.9649486174135
1527.9649486174135
1527.9649486174135
1527.9649486174135
1527.9649486174135
1527.9649486174135
1527.9649486174135
1527.9649486174135
1527.9649486174135
1527.9649486174135
1511.1968900728139
1511.1968900728139
1511.1968900728139
1511.1968900728139
1511.1968900728139
1511.1968900728139
1511.1968900728139
1511.1968900728139
1511.1968900728139
1511.1968900728139
1511.1968900728139
1511.1968900728139
1511.1968900728139
1511.1968900728139
1511.1968900728139
1511.1968900728139
1511.1968900728139
1511.1968900728139
1511.1968900728139
1511.1968900728139
1511.1968900728139
1511.1968900728139
1511.1968900728139
1511.1968900728139
1494.9474652109343
1494.9474652109343
1494.9474652109343
1494.9474652109343
1494.9474652109343
1494.9474652109343
1494.9474652109343
1494.9474652109343
1494.9474652109343
1494.9474652109343
1494.9474652109343
1494.9474652109343
1494.9474652109343
1494.9474652109343
1494.9474652109343
1494.9474652109343
1494.9474652109343
1494.9474652109343
1494.9474652109343
1494.9474652109343
1494.9474652109343
1494.9474652109343
1494.9474652109343
1494.9474652109343
1494.9474652109343
1494.9474652109343
1494.9474652109343
1494.9474652109343
1494.9474652109343
1494.9474652109343
1494.9474652109343
1494.9474652109343
1494.9474652109343
1494.9474652109343
1494.9474652109343
1494.9474652109343
1494.9474652109343
1494.9474652109343
1494.9474652109343
1494.9474652109343
1494.9474652109343
1494.9474652109343
1494.9474652109343
1494.9474652109343
1494.9474652109343
1494.9474652109343
1489.065330507775
1489.065330507775
1489.065330507775
1489.065330507775
1489.065330507775
1489.065330507775
1489.065330507775
1489.065330507775
1489.065330507775
1489.065330507775
1489.065330507775
1489.065330507775
1489.065330507775
1489.065330507775
1489.065330507775
1489.065330507775
1489.065330507775
1489.065330507775
1489.065330507775
1489.065330507775
1489.065330507775
1489.065330507775
1489.065330507775
1489.065330507775
1489.065330507775
1489.065330507775
1489.065330507775
1489.065330507775
1489.065330507775
1489.065330507775
1489.065330507775
1489.065330507775
1489.065330507775
1489.065330507775
1489.065330507775
1489.065330507775
1489.065330507775
1489.065330507775
1489.065330507775
1489.065330507775
1464.0351784784207
1464.0351784784207
1464.0351784784207
1464.0351784784207
1464.0351784784207
1464.0351784784207
1464.0351784784207
1464.0351784784207
1464.0351784784207
1464.0351784784207
1464.0351784784207
1464.0351784784207
1464.0351784784207
1464.0351784784207
1464.0351784784207
1464.0351784784207
1464.0351784784207
1464.0351784784207
1464.0351784784207
1464.0351784784207
1464.0351784784207
1464.0351784784207
1464.0351784784207
1464.0351784784207
1464.0351784784207
1464.0351784784207
1464.0351784784207
1464.0351784784207
1464.0351784784207
1464.0351784784207
1464.0351784784207
1464.0351784784207
1464.0351784784207
1464.0351784784207
1447.8970209831882
1447.8970209831882
1447.8970209831882
1447.8970209831882
1447.8970209831882
1447.8970209831882
1447.8970209831882
1447.8970209831882
1447.8970209831882
1447.8970209831882
1447.8970209831882
1447.8970209831882
1447.8970209831882
1447.8970209831882
1447.8970209831882
1447.8970209831882
1447.8970209831882
1447.8970209831882
1447.8970209831882
1447.8970209831882
1447.8970209831882
1447.8970209831882
1439.8244015650562
1439.8244015650562
1439.8244015650562
1439.8244015650562
1439.8244015650562
1439.8244015650562
1439.8244015650562
1439.8244015650562
1423.0784371272512
1423.0784371272512
1423.0784371272512
1423.0784371272512
1423.0784371272512
1399.2632575354187
1399.2632575354187
1399.2632575354187
1399.2632575354187
1399.2632575354187
1399.2632575354187
1399.2632575354187
1399.2632575354187
1399.2632575354187
1399.2632575354187
1399.2632575354187
1399.2632575354187
1399.2632575354187
1399.2632575354187
1399.2632575354187
1399.2632575354187
1399.2632575354187
1399.2632575354187
1399.2632575354187
1399.2632575354187
1399.2632575354187
1399.2632575354187
1399.2632575354187
1399.2632575354187
1399.2632575354187
1399.2632575354187
1399.2632575354187
1399.2632575354187
1399.2632575354187
1399.2632575354187
1399.2632575354187
1399.2632575354187
1399.2632575354187
1399.2632575354187
1399.2632575354187
1399.2632575354187
1399.2632575354187
1399.2632575354187
1399.2632575354187
1399.2632575354187
1399.2632575354187
1399.2632575354187
1399.2632575354187
1399.2632575354187
1399.2632575354187
1399.2632575354187
1399.2632575354187
1399.2632575354187
1399.2632575354187
1399.2632575354187
1399.2632575354187
1399.2632575354187
1399.2632575354187
1399.2632575354187
1399.2632575354187
1399.2632575354187
1399.2632575354187
1399.2632575354187
1399.2632575354187
1399.2632575354187
1399.2632575354187
1399.2632575354187
1399.2632575354187
1399.2632575354187
1399.2632575354187
1399.2632575354187
1399.2632575354187
1399.2632575354187
1399.2632575354187
1399.2632575354187
1399.2632575354187
1399.2632575354187
1399.2632575354187
1399.2632575354187
1399.2632575354187
1399.2632575354187
1399.2632575354187
1399.2632575354187
1399.2632575354187
1399.2632575354187
1399.2632575354187
1399.2632575354187
1399.2632575354187
1399.2632575354187
1399.2632575354187
1399.2632575354187
1399.2632575354187
1399.2632575354187
1399.2632575354187
1399.2632575354187
1399.2632575354187
1399.2632575354187
1399.2632575354187
1399.2632575354187
1399.2632575354187
1399.2632575354187
1399.2632575354187
1399.2632575354187
1399.2632575354187
1399.2632575354187
