1466.618651268211
1466.618651268211
1369.9814506522532
1369.9814506522532
1357.442094551353
1357.442094551353
1310.737422336962
1310.737422336962
1260.0068346871524
1214.724144058936
1214.724144058936
1214.724144058936
1213.2245569487143
1194.5932977421212
1194.5932977421212
1194.5932977421212
1194.5932977421212
1142.5077715547973
1142.5077715547973
1142.5077715547973
1142.5077715547973
1142.5077715547973
1142.5077715547973
1142.5077715547973
1122.471457019313
1122.471457019313
1122.471457019313
1122.471457019313
1122.471457019313
1122.471457019313
1122.471457019313
1122.387380668039
1082.579311657267
1082.579311657267
1082.579311657267
1060.6435677571883
1060.6435677571883
1060.6435677571883
1052.8873223070689
1018.4913246518568
1018.4913246518568
1018.4913246518568
1018.4913246518568
1018.4913246518568
1018.4913246518568
1018.4913246518568
1018.4913246518568
1016.1522713183487
1016.1522713183487
1016.1522713183487
957.2446238914137
957.2446238914137
957.2446238914137
957.2446238914137
957.2446238914137
957.2446238914137
957.2446238914137
957.2446238914137
957.2446238914137
957.2446238914137
957.2446238914137
957.2446238914137
957.2446238914137
957.2446238914137
949.6837215246393
949.6837215246393
946.5513662869075
946.5513662869075
946.5513662869075
946.5513662869075
946.5513662869075
896.5872325925959
896.5872325925959
892.8151576350112
892.8151576350112
892.8151576350112
892.8151576350112
892.8151576350112
888.5446206217797
888.5446206217797
888.5446206217797
888.5446206217797
888.5446206217797
888.5446206217797
888.5446206217797
888.5446206217797
888.5446206217797
874.1227468247283
874.1227468247283
874.1227468247283
874.1227468247283
874.1227468247283
851.5974454507675
851.5974454507675
851.5974454507675
820.054278979138
820.054278979138
817.1458773224061
817.1458773224061
817.1458773224061
817.1458773224061
817.1458773224061
817.1458773224061
817.1458773224061
817.1458773224061
817.1458773224061
817.1458773224061
804.4015480940984
804.4015480940984
804.4015480940984
804.4015480940984
786.8128801182157
786.8128801182157
786.8128801182157
786.8128801182157
786.8128801182157
786.8128801182157
786.8128801182157
786.8128801182157
774.2577002489086
774.2577002489086
774.2577002489086
769.1397648766483
769.1397648766483
769.1397648766483
769.1397648766483
761.4608942360968
761.4608942360968
761.4608942360968
761.4608942360968
761.4608942360968
761.4608942360968
761.4608942360968
761.4608942360968
761.4608942360968
761.4608942360968
761.4608942360968
761.4608942360968
761.4608942360968
761.4608942360968
761.4608942360968
761.4608942360968
761.4608942360968
761.4608942360968
761.4608942360968
761.4608942360968
761.4608942360968
761.4608942360968
761.4608942360968
761.4608942360968
761.4608942360968
761.4608942360968
761.4608942360968
748.9607489074784
748.9607489074784
748.9607489074784
748.9607489074784
748.9607489074784
748.6492085966479
748.6492085966479
748.6492085966479
748.6492085966479
748.6492085966479
740.0759117640392
740.0759117640392
740.0759117640392
740.0759117640392
740.0759117640392
740.0759117640392
740.0759117640392
740.0759117640392
740.0759117640392
740.0759117640392
740.0759117640392
740.0759117640392
740.0759117640392
740.0759117640392
740.0759117640392
740.0759117640392
740.0759117640392
740.0759117640392
740.0759117640392
736.4530079474079
736.4530079474079
736.4530079474079
736.4530079474077
736.4530079474077
731.6017126253353
731.6017126253353
731.6017126253353
731.6017126253353
731.6017126253353
731.6017126253353
731.6017126253353
731.6017126253353
731.6017126253353
731.6017126253353
731.6017126253353
731.6017126253353
731.6017126253353
731.6017126253353
731.6017126253353
720.1367741603281
720.1367741603281
720.1367741603281
720.1367741603281
720.1367741603281
720.1367741603281
720.1367741603281
720.1367741603281
720.1367741603281
720.1367741603281
720.1367741603281
720.1367741603281
720.1367741603281
720.1367741603281
720.1367741603281
720.1367741603281
720.1367741603281
720.1367741603281
720.1367741603281
720.1367741603281
720.1367741603281
720.1367741603281
720.1367741603281
720.1367741603281
720.1367741603281
720.1367741603281
694.929020576283
694.929020576283
694.929020576283
694.929020576283
694.929020576283
694.9290205762827
694.9290205762827
694.9290205762827
694.9290205762827
694.9290205762827
694.9290205762827
694.9290205762827
694.9290205762827
694.9290205762827
694.9290205762827
651.9912783245813
651.9912783245813
651.9912783245813
651.9912783245813
644.4990387010906
644.4990387010906
644.4990387010906
644.4990387010906
644.4990387010906
644.4990387010906
644.4990387010906
644.4990387010906
644.4990387010906
644.4990387010906
644.4990387010906
644.4990387010906
644.4990387010906
644.4990387010906
644.4990387010906
644.4990387010906
644.4990387010906
644.4990387010906
644.4990387010906
644.4990387010906
644.4990387010906
644.4990387010906
644.4990387010906
644.4990387010906
644.4990387010906
644.4990387010906
644.4990387010906
644.4990387010906
644.4990387010906
644.4990387010906
644.4990387010906
644.4990387010906
644.4990387010906
644.4990387010906
644.4990387010906
644.4990387010906
644.4990387010906
644.4990387010906
644.4990387010906
640.1716504034042
640.1716504034042
640.1716504034042
640.1716504034042
640.1716504034042
640.1716504034042
640.1716504034042
640.1716504034042
640.1716504034042
640.1716504034042
640.1716504034042
640.1716504034042
640.1716504034042
640.1716504034042
640.1716504034042
640.1716504034042
640.1716504034042
640.1716504034042
640.1716504034042
640.1716504034042
640.1716504034042
640.1716504034042
640.1716504034042
640.1716504034042
640.1716504034042
640.1716504034042
640.1716504034042
640.1716504034042
640.1716504034042
640.1716504034042
629.6787489778693
629.6787489778693
629.6787489778693
629.6787489778693
629.6787489778693
629.6787489778693
629.6787489778693
629.6787489778693
629.6787489778693
606.144178391237
606.144178391237
606.144178391237
606.144178391237
606.144178391237
606.144178391237
606.144178391237
606.144178391237
606.144178391237
606.144178391237
606.144178391237
606.144178391237
606.144178391237
606.144178391237
606.144178391237
606.144178391237
606.144178391237
606.144178391237
606.144178391237
606.144178391237
606.144178391237
606.144178391237
606.144178391237
606.144178391237
606.144178391237
606.144178391237
606.144178391237
599.1842892427294
599.1842892427294
599.1842892427294
599.1842892427294
599.1842892427294
599.1842892427294
599.1842892427294
599.1842892427294
599.1842892427294
599.1842892427294
599.1842892427294
599.1842892427294
599.1842892427294
599.1842892427294
599.1842892427294
599.1842892427294
599.1842892427294
599.1842892427294
599.1842892427294
599.1842892427294
599.1842892427294
599.1842892427294
599.1842892427294
599.1842892427294
599.1842892427294
599.1842892427294
599.1842892427294
599.1842892427294
599.1842892427294
599.1842892427294
599.1842892427294
599.1842892427294
599.1842892427294
599.1842892427294
587.6367501201922
587.6367501201922
587.6367501201922
587.6367501201922
587.6367501201922
587.6367501201922
587.6367501201922
587.6367501201922
587.6367501201922
587.6367501201922
587.6367501201922
587.6367501201922
587.6367501201922
587.6367501201922
587.6367501201922
587.6367501201922
587.6367501201922
587.6367501201922
587.6367501201922
587.6367501201922
587.6367501201922
587.6367501201922
587.6367501201922
587.6367501201922
587.6367501201922
584.333052987936
584.333052987936
584.333052987936
584.333052987936
584.333052987936
584.333052987936
584.333052987936
584.333052987936
584.333052987936
584.333052987936
584.333052987936
584.333052987936
584.333052987936
584.333052987936
584.333052987936
584.333052987936
559.9917106289282
559.9917106289282
559.9917106289282
559.9917106289282
559.9917106289282
559.9917106289282
559.9917106289282
559.9917106289282
559.9917106289282
559.9917106289282
559.5555709779368
559.5555709779368
559.5555709779368
559.5555709779368
559.5555709779368
552.4356728636719
552.4356728636719
552.4356728636719
552.4356728636719
552.4356728636719
552.4356728636719
552.4356728636719
552.4356728636719
552.4356728636719
552.4356728636719
552.4356728636719
552.4356728636719
552.4356728636719
552.4356728636719
552.4356728636719
536.7526382233053
536.7526382233053
536.7526382233053
536.7526382233053
536.7526382233053
536.7526382233053
536.7526382233053
536.7526382233053
536.7526382233053
536.7526382233053
536.7526382233053
536.7526382233053
536.7526382233053
536.7526382233053
536.7526382233053
536.7526382233053
536.7526382233053
536.7526382233053
535.4499992194491
535.4499992194491
535.4499992194491
535.4499992194491
535.4499992194491
535.4499992194491
535.4499992194491
535.4499992194491
535.4499992194491
535.4499992194491
535.4499992194491
535.4499992194491
535.4499992194491
535.4499992194491
535.4499992194491
535.4499992194491
535.4499992194491
535.4499992194491
535.4499992194491
535.4499992194491
535.4499992194491
535.4499992194491
535.4499992194491
535.4499992194491
535.4499992194491
535.4499992194491
535.4499992194491
535.4499992194491
535.4499992194491
535.4499992194491
535.4499992194491
535.4499992194491
535.4499992194491
535.4499992194491
535.4499992194491
535.4499992194491
535.4499992194491
535.4499992194491
535.4499992194491
535.4499992194491
529.2694352326541
529.2694352326541
529.2694352326541
529.2694352326541
529.2694352326541
529.2694352326541
529.2694352326541
529.2694352326541
529.2694352326541
529.2694352326541
529.2694352326541
529.2694352326541
529.2694352326541
529.2694352326541
529.2694352326541
529.2694352326541
529.2694352326541
529.2694352326541
529.2694352326541
529.2694352326541
529.2694352326541
529.2694352326541
529.2694352326541
527.5808125759322
527.5808125759322
527.5808125759322
527.5808125759322
527.5808125759322
527.5808125759322
527.5808125759322
527.5808125759322
527.5808125759322
527.5808125759322
527.5808125759322
527.5808125759322
527.5808125759322
527.5808125759322
527.5808125759322
527.5808125759322
527.5808125759322
527.5808125759322
527.5808125759322
527.5808125759322
527.5808125759322
527.5808125759322
527.5808125759322
527.5808125759322
527.5808125759322
527.5808125759322
527.5808125759322
527.5808125759322
527.5808125759322
527.5808125759322
527.5808125759322
527.5808125759322
527.5808125759322
527.5808125759322
527.5808125759322
527.5808125759322
527.5808125759322
527.5808125759322
527.5808125759322
527.5808125759322
527.5808125759322
527.5808125759322
527.5808125759322
527.5808125759322
527.5808125759322
527.5808125759322
527.5808125759322
527.5808125759322
527.5808125759322
527.5808125759322
527.5808125759322
527.5808125759322
527.5808125759322
527.5808125759322
527.5808125759322
527.5808125759322
527.5808125759322
527.5808125759322
527.5808125759322
527.5808125759322
527.5808125759322
527.5808125759322
527.5808125759322
527.5808125759322
527.5808125759322
527.5808125759322
527.5808125759322
527.5808125759322
527.5808125759322
527.5808125759322
527.5808125759322
527.5808125759322
527.5808125759322
527.5808125759322
527.5808125759322
527.5808125759322
527.5808125759322
527.5808125759322
527.5808125759322
527.5808125759322
527.5808125759322
527.5808125759322
527.5808125759322
527.5808125759322
527.5808125759322
527.5808125759322
527.5808125759322
527.5808125759322
527.5808125759322
527.5808125759322
527.5808125759322
527.5808125759322
527.5808125759322
527.5808125759322
527.5808125759322
527.5808125759322
527.5808125759322
527.5808125759322
527.5808125759322
527.5808125759322
